455333
866653
887941
308489
551659
588169
672103
110597
782669
259577
865457
188333
870787
622793
883397
607573
941011
852809
481513
771739
275599
228847
92003
875443
577867
374447
229171
298399
24847
213637
563657
564149
527203
454021
466183
989827
111127
732967
438479
267277
44131
717667
327001
322607
501299
222323
397469
177553
748057
160817
247547
119773
611027
92227
510589
770027
800407
351289
769973
778681
972263
855359
825533
230233
221401
754627
712531
541927
767539
918329
308597
553601
966319
290621
676703
847697
952619
581099
789227
742127
993431
412561
830849
299417
183823
592973
724211
259993
264013
818399
540119
208067
963659
333923
243709
100957
165611
4111
223837
259339
971491
196073
935489
791543
764293
32467
443203
978071
902719
90197
718343
311551
280451
626837
895933
430879
720619
735283
334561
717047
856787
455333
554797
742219
414683
66191
610243
163993
72673
2273
486643
460633
613577
393209
717751
23059
314707
730573
709139
108529
2591
313597
655489
315181
232709
74311
480019
515519
369197
95987
830801
121853
73259
15359
906013
500287
210127
841019
802177
197341
794191
119419
470201
54403
589877
568349
440221
574157
729749
561787
866471
953731
176809
769999
255053
289213
295837
259309
991703
631937
147607
825577
124493
831683
261427
776137
849649
432961
441517
570131
274171
383983
57271
513083
617719
414803
11897
745973
722983
412109
604559
420307
338893
121001
324011
737497
429881
37243
849869
356929
246167
677827
476429
228127
591457
761009
660661
434939
668009
139831
994391
394409
692983
278813
662029
234467
626771
166301
363841
547321
269387
782861
696359
745733
278689
497989
700387
409597
108707
822229
639599
31771
801641
676717
380713
171757
710713
127031
996019
395767
133559
869663
133571
637163
463693
246217
99719
886583
175391
168499
60611
63317
87721
106621
406339
46831
57119
496453
792061
22093
212161
72689
774223
614893
471673
543383
93179
373301
775079
676891
74797
428041
514853
812129
287251
436081
419303
75967
584723
12659
360749
801569
673793
896263
923441
119311
922289
19301
821441
942341
227207
25579
46889
177943
590363
138637
298579
569717
909911
901367
415799
284159
404977
724813
494317
597169
484091
69203
773287
787993
176303
815693
646523
49481
691111
734933
217003
241921
685339
636917
129001
19949
39367
785003
594829
762037
656527
547357
927361
29921
145441
74761
104683
610579
798701
606241
817093
839809
512353
274889
378817
679669
83233
17333
867173
682439
150203
239069
845387
855089
590131
815231
911893
338287
599147
560869
988849
903211
988789
987559
619589
816353
243577
890501
328897
835717
3407
1693
25169
219649
654161
959863
136043
319147
629737
744431
997627
153529
152681
514333
156967
378353
166399
33713
52127
105541
265807
265883
637229
810349
143813
968273
841927
677323
139033
647659
273113
726181
221311
747917
996637
294731
289369
126349
858997
617467
737683
49537
560237
17467
687331
396173
904157
314641
988681
807403
812033
565183
765203
868051
706763
43003
463987
880091
841921
990313
956903
823799
259271
36067
187111
972787
337529
527071
936773
513761
789221
348559
387727
660661
567121
835997
995387
738211
54583
909599
794383
21187
222913
272039
95917
411127
439409
41621
99817
4271
8731
365291
152839
818309
66373
937777
450617
695509
809729
672901
948049
64489
961627
825029
358459
652261
197539
188017
129749
26783
476029
771941
806317
3319
938963
252017
400903
300977
121763
917773
777871
651793
463717
604619
795103
742151
272603
4201
274187
81401
821641
455177
336803
724453
124001
614387
599993
318641
306847
280927
181943
92753
52691
48859
137087
969113
303151
268729
554189
833197
820643
699119
315907
924323
372409
985937
358909
124171
423887
79889
566413
566767
32363
602597
637157
174289
792307
631391
915029
637229
513419
427039
415231
974873
914971
262187
835859
392969
315569
93941
573967
199777
6337
150767
594397
857309
393541
995369
833491
27059
335893
789533
988129
629767
998329
372367
333667
462571
751763
449773
145307
357211
620693
931709
20873
978277
145037
754037
923849
112967
345307
708559
9011
132173
800057
151667
16633
425273
676927
41863
477991
604433
677077
752273
4057
575317
287503
919519
151169
178289
249749
741973
432713
37511
937003
35591
936911
424913
260213
469363
670639
449311
131749
719413
278563
686897
942917
9521
457189
47701
994039
997123
768851
424103
341501
516599
516391
87293
26497
758141
246121
325993
8803
755239
796871
675271
914611
781069
277883
98621
546353
279751
649777
170227
772147
641701
385087
469757
79133
927259
731623
6659
470927
993869
604753
614531
280583
15619
183487
177209
621029
280303
641897
51637
836747
192757
890117
921259
925523
238967
987023
272351
863869
404827
989341
492017
916109
246811
340649
130127
620849
796063
718303
923539
629711
299683
113279
323567
638359
632497
970927
271217
865091
673529
66571
316577
568907
147571
788087
49169
849427
233069
111409
982343
158611
817039
67619
876751
634141
571267
893093
954853
170557
28607
381233
389957
161923
470891
306541
740893
959947
254741
97259
259277
214433
125627
165349
877619
767513
41179
869233
75389
85447
879839
435059
994913
472883
570967
729637
989623
907909
877853
439577
596861
992903
902009
871477
994831
284341
988501
108637
211213
903323
722489
394579
762257
373453
19813
87697
667363
37589
740461
929023
544757
560249
562943
15359
370679
62311
253507
860393
946003
141613
648859
702323
242677
618377
413069
745067
178877
44087
755077
690407
446569
774583
216371
865637
554791
575941
578183
379157
42767
66109
901679
20753
560683
965399
25633
916411
726989
261823
5113
792293
247343
385249
685271
362081
970997
31721
280009
276673
305533
286721
409597
952291
626113
558521
257221
768881
229247
410393
237313
126913
635353
160231
118493
513761
488861
831407
377347
734933
722479
555827
990163
555109
909113
441667
585847
174943
119533
522989
58481
871001
495323
575693
572969
543637
918067
558307
772649
269377
417203
165931
395849
466073
180463
206399
695749
900491
739493
459169
559217
471439
818813
970903
253969
319057
273503
632483
842531
964969
127297
872257
930197
323717
188843
856111
932419
297251
615497
518807
256423
255847
361373
32077
735181
618227
619849
121853
227431
266449
611257
239543
40111
70423
371339
588953
187559
342451
804161
539533
282671
739253
658681
63487
271603
232409
481849
744431
169567
5309
599831
827429
809443
368551
484447
175673
688729
694789
59009
935531
47381
139091
408857
169343
237973
281989
942859
495337
155201
431107
691637
804077
545759
692771
962417
936779
195103
555349
794203
486907
288359
905833
389563
212167
201413
525677
47717
917291
685609
703411
745037
38327
2957
433207
20353
489911
713149
530869
490417
194113
900037
67933
302513
981137
864629
978217
55487
205327
587429
918899
550117
708559
76159
864029
454603
477721
155047
79337
418273
987199
752929
456461
772913
123661
725807
66161
715417
330347
377387
129749
878489
464539
617759
774181
817979
670517
447409
416219
386371
329321
699319
142231
673943
317777
281527
180137
462199
180463
102643
681091
922627
576421
871477
636967
62659
284521
912287
569839
754711
827767
38747
87679
966227
760211
185869
881369
916187
229763
67433
111103
711121
241321
606041
124171
30323
724123
12611
717341
642217
533257
980363
533641
701419
615577
7079
487111
193009
916771
310459
382999
419753
840187
214091
381343
197347
522947
724991
507589
371981
983063
556253
593213
779761
861221
448157
608947
251057
549167
351061
117671
998237
678581
981023
430589
885263
616027
323359
797549
616849
996407
602977
353099
837737
33013
993869
329081
904903
115613
992843
824399
89209
771769
870983
159491
172741
973439
39397
7591
907909
433817
174197
323467
676061
751181
607573
864707
950149
769007
791321
662231
672743
307543
297881
238373
473953
338747
127817
52009
963097
163997
224221
355591
524957
443953
62687
638201
11783
995347
367457
36791
715457
638621
16829
919871
979691
288571
197569
394393
425779
877879
925559
915557
557863
433099
297971
858029
420941
156887
786047
906923
258743
385351
452671
853403
638489
397361
790057
11399
457333
746243
369821
519907
880249
979831
754967
127637
952087
489127
778417
102101
115763
353053
442633
309371
383651
735181
267203
341587
549037
540769
513239
351851
10289
110339
896669
631993
881311
598363
773147
666557
649843
370879
625763
587579
748763
724153
668009
69127
280219
158047
740561
674741
718999
295081
547471
292517
932203
833737
698713
253417
742307
28393
298559
561181
788027
259453
57859
607001
422041
9643
451859
174583
210277
555097
260419
267647
14051
551483
363731
618329
769543
715753
179269
746413
228131
175523
785651
180773
562987
634483
480533
107441
814631
964373
388169
3449
879169
271849
945143
383777
229487
80611
185533
739021
2753
334429
706183
665111
550163
523333
792563
797063
407843
468973
329089
628399
539843
506347
31223
56713
235793
445573
848633
785839
752627
464749
538877
308491
747599
963173
422707
641821
616897
333019
124633
495413
126473
443237
295751
658057
56599
902179
475091
498937
16573
313879
306473
631859
660799
770387
539881
334349
872587
498331
280883
563777
191281
375631
855401
641101
35281
832583
788089
361213
847247
556093
501257
434921
49993
977257
972227
401689
58549
192463
131431
4019
895387
460843
491851
445741
723721
232381
709831
700027
391351
609461
894947
192271
845381
810091
157321
604661
224461
54941
258299
354247
232367
990389
625343
548519
26177
474737
760549
527753
729851
28901
377687
718139
546859
983597
733697
733241
591757
629701
130631
164789
596021
405277
57251
263933
939853
522371
343831
125627
630247
415109
662531
450029
561367
979921
853637
992129
213349
387047
447263
89833
600883
872623
278489
316961
435569
235273
70457
911089
965779
621617
475081
944017
506773
872791
373049
610339
727843
736699
523433
597539
538763
312673
438377
229841
877423
400313
612817
951091
419537
175061
214237
689963
281527
331547
139487
688861
103421
155443
828703
909529
280549
687341
193891
142837
613421
376291
562169
698297
481861
527407
73819
397253
4909
404177
205201
825647
596789
538511
347563
110977
142619
824981
579199
266549
651281
479147
889747
682729
698183
679709
780347
601961
583031
684769
752771
126473
883339
480427
23011
650701
225601
889769
432833
486023
247603
514823
239851
946861
762371
874711
945389
64489
497281
493807
445507
336671
397567
383321
92753
522829
566443
123953
124753
325631
233911
79811
136991
396043
792929
896263
495413
597353
333691
163003
639851
705169
163729
935777
606743
769207
200437
994093
534091
201581
320057
325517
123941
104327
52883
803393
485671
783763
273569
270437
974923
797627
18077
49663
369491
226741
399107
776057
137147
184721
706973
956617
915527
886519
896543
42499
603679
906043
487607
148693
988577
271573
547787
507461
201629
568237
758189
33637
973001
884269
685939
211049
694471
25237
375367
148639
477727
286427
179743
545449
561307
354743
854407
718897
293107
848779
123923
850481
420851
55663
898717
426637
514651
654053
269641
124909
109567
532709
980899
575849
227699
250777
213029
732829
195893
255989
532379
92383
201449
506563
529051
81047
55339
344599
348217
587693
980377
548557
956987
835987
418043
551423
32467
880423
545143
713873
55807
754651
521377
866713
51899
327827
132833
919063
937823
532733
427919
772963
935603
289213
501637
590431
681931
193133
212161
552241
156797
29683
840923
733409
860911
329533
643849
5209
434461
398357
841663
875647
562021
278051
962197
958807
99149
164173
213659
795797
685169
465701
892471
228913
772403
311371
233141
303493
936203
567883
88819
581171
64037
321757
200237
666493
286553
495511
350657
209201
381637
541363
953503
375097
485497
932203
7121
748723
206413
313829
222511
239957
478459
581767
278497
857161
916049
252869
698311
899531
491737
525739
421987
810191
431429
282773
941467
472909
27809
409261
603853
997151
683447
409397
984583
234541
22123
540373
303463
716953
237143
100913
799151
906713
203461
163871
676981
2083
202343
625133
910621
34033
781601
460231
813301
573673
102103
529751
249797
75641
943183
178753
282461
149011
80309
79769
244547
74219
373193
304813
920957
735491
340579
453553
21433
75401
896837
537133
151897
19739
88661
670849
374587
726751
27617
720791
157247
139729
963173
887629
964861
719057
78367
288731
827311
309671
185137
370091
150473
643583
638233
174067
327179
955307
564061
264031
458747
150077
25411
989251
921013
914737
746197
860861
754223
779003
270961
764591
773027
770261
517417
812807
51071
648191
284003
493733
481807
948557
943387
714529
602137
31277
433679
584923
446353
394631
133117
544757
746839
223133
141671
427351
432931
733277
368083
550733
883621
504521
495751
509653
601969
95027
473999
339527
272381
303679
959887
707827
766639
416821
830567
129403
611279
277483
762017
957139
247279
205981
160483
203381
5717
952681
875333
180811
308489
350989
510989
975643
957499
611803
107971
150439
122527
431449
588121
637513
675481
857809
917041
40351
587429
901273
832717
24203
123821
195869
97813
986749
730757
897163
19583
665141
997813
276821
364213
935377
513533
804493
654853
44351
240257
494927
926537
56611
363463
811961
735467
542447
359323
165457
474931
481753
305917
842267
870953
897373
543217
661327
87743
213173
797359
116707
767471
357983
32933
718871
103171
9161
735809
513313
252391
110251
83983
647161
362381
221989
809701
742681
429823
548459
211049
147881
60637
682079
292601
897307
383833
746509
516623
560893
232891
353161
768857
607319
232117
464033
909803
805333
908863
281807
268439
831037
653143
214309
8419
717133
20963
538553
96469
378629
722749
752117
127637
284839
177979
202621
282707
647951
8287
32189
840863
172423
805159
364523
154181
91771
572183
70891
690143
425039
400681
423287
120383
20113
749323
96233
997573
470599
464291
221489
977359
211877
249533
440501
191693
929891
57773
398417
747991
274223
409337
51977
59779
680623
815197
756247
735239
921901
782267
744959
113027
397361
430411
38461
804941
688357
608759
844447
998947
659251
570659
367663
495277
141833
274931
281191
99971
996571
774733
493531
36691
377801
529693
872203
525379
379853
417763
104827
931267
660899
468439
685177
724517
528107
788569
932597
535061
343891
931097
217157
1613
56503
519131
442157
71843
381439
618671
727541
378661
342593
359747
841879
114001
39241
816709
122299
603209
106801
229759
980377
7457
595981
148961
608483
169199
607417
347771
853049
546067
389287
673451
166609
345451
64849
46861
310463
260581
427369
414737
340903
23993
221209
718657
951469
535181
18617
100459
534371
351413
697453
435541
450829
191773
1493
879859
772691
316859
731243
769057
647963
7159
510247
911663
445657
485209
884029
242629
901997
13297
368647
864541
771607
12119
27457
592367
115153
920783
687923
503317
510619
683747
798191
374203
190669
186071
317539
143263
276113
685987
75641
929501
453703
759961
529241
957431
308027
88379
330233
996689
653273
114617
540307
304477
853637
298559
163991
7219
844439
421273
838949
65699
385939
44507
967751
740423
470279
144511
16097
804913
91033
49261
114781
421397
808391
413461
430987
305581
607993
950233
640993
518017
918539
4129
296987
354701
736111
716621
271829
433229
772127
636569
841283
167891
44657
379913
600623
944039
472763
67751
701719
970573
895309
61291
199729
166867
68279
749167
194087
685739
849763
852233
270833
912497
626323
333793
447053
141107
247363
256169
679669
35747
80191
669707
384301
354323
647663
761113
880519
957031
26893
183713
164149
923513
968381
24851
401909
915029
21221
684433
4957
898459
642199
274007
491041
473377
559591
472709
762121
353333
608743
455579
711437
28559
259421
129539
651109
878737
507607
369581
17387
968063
88261
572491
366161
253109
319849
280069
111577
391273
390077
429101
934499
521749
126713
62929
803687
70181
196657
871597
150587
509659
77279
748499
264643
274961
221159
226903
36037
145109
872999
265579
139943
66491
929881
841333
875893
119057
141161
477637
67043
709469
509053
480787
308093
841727
435751
243673
366701
629987
864793
604883
355841
368447
547441
224461
508363
895553
218131
723797
924527
713599
592369
423601
508037
467507
759673
673499
383693
319967
766763
530507
404773
325849
901193
325517
682333
257879
590389
29059
8689
758941
480091
713509
541859
340787
111593
644729
464953
713353
909529
859297
124349
737501
651127
419801
94961
627559
815047
574913
194479
567793
180221
401411
148991
706133
552707
304169
423307
80929
728723
364717
736367
643217
256133
951427
139537
30029
684599
835957
336373
184333
272227
316297
660001
440509
220687
573047
509833
84239
894709
11443
643217
319817
538649
918361
768793
736159
539711
246811
448169
460829
414107
43597
311407
876013
218401
362137
282571
614917
971939
381443
496609
497831
745543
145289
883667
619841
60167
750137
607769
37321
343337
506183
362371
845969
781721
612929
988651
271879
348017
191837
816317
405269
463693
652853
484607
954229
612637
196837
140939
190121
134731
582433
905087
525359
125407
790927
819503
240319
543113
297421
113327
57397
500887
156671
700201
387781
318281
813811
456293
901471
840709
700937
306661
495241
63313
811081
770647
869689
231041
658961
704357
309629
242659
134053
241079
722783
504379
652237
282409
751753
361679
835369
290393
347771
971021
60637
313267
575063
261631
173993
383171
351401
768167
612649
931739
942691
456737
508811
525397
877187
937891
200237
442961
992417
517949
695477
45841
667819
40193
625657
74383
614981
455419
423977
641873
382579
882169
785377
582227
737251
116881
851351
252899
627139
181501
685987
582173
638327
823961
284311
818393
419791
92189
91951
987533
428489
39551
701299
998759
496849
792959
699289
355073
562201
670849
549877
920291
452989
278881
948173
859361
746503
656923
378713
556243
209441
789149
549751
676427
242797
989671
363911
838459
984413
658351
208189
574627
229351
933407
429227
878183
140729
506459
29983
452293
230123
801197
904049
82903
792593
466339
570613
954497
360947
508637
723839
893131
147299
349133
115099
438131
742193
350771
344957
620909
316469
735307
589453
183943
678203
403499
894161
303053
224303
642977
5939
770669
871687
717551
591559
622313
557281
947729
732841
6323
205817
762409
751727
663713
303473
57917
995227
969509
418843
320867
296201
294461
582859
605531
206233
891349
310547
334423
290183
17971
113723
228461
615389
226307
409327
275911
956903
68371
62039
793129
177223
372739
950393
346117
329899
515861
599087
466777
945739
697913
119087
885487
237019
760729
826879
676171
813583
170231
366439
826667
940073
489959
217901
227431
787333
345637
610409
694033
59791
719009
63281
217573
555293
688951
161167
953707
463787
974971
8821
282683
340693
893897
21317
278881
82073
354337
408943
400157
553279
869819
981797
469169
21613
172933
114757
868039
835847
318467
474389
337999
693731
294821
526391
519193
38747
956513
929023
818959
548719
124139
781511
681563
983153
688297
277363
989557
884453
806059
976103
84401
908711
12601
881597
510889
298601
147299
794009
749641
380179
153763
506791
948407
535991
129293
89071
541661
897497
244691
995713
74293
52067
350219
615539
124699
584777
971917
87877
537133
772619
852179
963701
784583
922463
267479
334717
814367
600421
695269
523987
316861
981397
799363
739217
512497
785921
849049
148957
109331
43411
749863
802729
821333
123169
476381
349081
674761
465161
970967
332699
727169
602453
223103
319313
480113
327967
683603
938053
395971
999979
408677
148403
835609
971723
397849
673639
221747
888961
893341
651193
601423
864491
2683
375623
545477
695791
984083
846661
143953
152077
674227
29947
481447
334717
299063
544721
133087
517411
391451
341629
195047
440987
59417
155707
614671
482773
822607
460561
368791
290027
516721
224771
505537
47381
881219
793343
382801
453137
360091
194141
283957
283571
200971
918959
427447
978907
446863
229837
35809
629383
808991
145829
377801
173977
579829
642557
156127
596257
723559
482683
653749
953237
899233
136691
470719
469657
491783
813023
166189
465541
956357
268189
215753
216107
183829
974971
281777
733331
117043
289469
168211
252709
98459
804329
654509
754583
485959
896647
602401
392723
517901
826303
463313
734207
221317
838813
147047
674347
933217
208469
413141
109391
155689
63793
839621
563419
782641
983179
109321
84859
368521
156539
710371
423961
475691
795659
492551
634903
320563
583291
804523
940327
2357
195581
914533
676733
554797
721883
853387
70843
249233
15887
207139
652039
266027
697373
544963
310223
502393
905123
355111
537841
572179
28027
785591
478729
650413
172031
8419
133417
712133
392807
122579
94447
630941
332749
15817
440311
66491
972001
187597
798701
910627
555221
743669
896573
605239
115399
982819
394601
565049
990179
271241
151027
541771
566179
533219
246929
418637
309539
9551
101513
196307
246833
377771
778819
736973
299191
666191
997279
901709
584993
754111
947641
330037
364879
135389
507809
954067
698779
840239
724001
954269
376133
855079
332569
499693
363751
284243
661327
925307
819131
722489
78439
234281
511573
663371
672097
634567
263911
734567
344843
966257
283093
236563
291209
79273
476701
217727
347891
310819
471659
306847
581149
624419
637657
667991
210731
501829
924361
158189
886013
647609
490949
763699
490619
756323
200191
841241
47189
957937
84299
640663
70823
179923
627619
260413
982187
997163
438253
574733
664403
202381
613597
524707
171659
796981
434243
375997
504011
704521
674431
455647
565793
212281
916973
613993
502807
748703
773777
676259
471277
639911
835511
154787
65407
994369
7411
981493
889373
498551
471721
555661
462419
618463
527209
300023
909289
679111
816817
795533
300089
181553
291331
530743
47441
31387
427213
189271
890221
116483
610271
157951
787187
676211
777001
560531
640933
357241
766501
659371
601031
145547
372707
319763
80207
795997
700571
142169
499591
878309
764627
516091
423751
500671
818723
884243
58757
948907
819977
162413
191969
554051
465529
678229
300229
706603
837077
557891
197369
270577
875033
513239
451679
271163
603847
277099
731219
475879
691687
325673
480343
922487
710839
280121
41039
700237
669247
155801
842957
465929
649261
7741
395443
34693
757171
116491
655727
797813
313163
616769
73553
847949
367957
231107
916831
211643
122263
869747
238499
126757
882061
158537
649573
436157
646307
495629
557521
536281
152083
988111
450257
836243
250031
765533
679753
174101
845459
644117
578063
263951
192461
700627
65407
318919
578093
117437
487313
532141
18181
214741
649403
620183
314497
446111
150377
394319
492377
643859
915601
492077
78137
856147
679859
909331
883163
290963
908489
864103
482243
176923
192979
340117
454777
700571
913739
977629
396947
946663
270667
93133
117911
658649
501043
816839
419711
218749
846137
559231
570419
457043
304943
652339
634003
17401
385493
997439
119929
357611
806609
325751
39323
598501
79379
294991
471683
99137
1097
518893
205157
792413
597031
351733
703561
740527
359143
679171
333929
497509
432613
428093
205103
980459
253733
892999
511019
64081
614741
46771
826759
579701
355343
940477
3023
67187
726431
105389
68879
8317
580913
730757
170557
251477
313987
532757
121967
391619
589763
69557
265543
925097
787601
726169
499099
89513
889043
808601
967261
863393
677387
862009
441829
743731
844433
892457
491923
11069
853843
78721
968519
35059
15937
690929
227567
395737
943301
276347
184189
890333
734647
856507
779249
758971
263503
512999
184711
923743
627667
485041
731509
808699
228959
700561
108263
540461
143573
547301
145963
243917
991943
677953
525953
49037
174767
327071
513529
625631
421159
165961
283631
441827
830743
718087
278753
745741
510581
878201
581921
39511
936511
902821
7759
662513
270737
688403
935621
712357
735529
18401
253819
710513
974443
599251
58403
259643
210109
748921
294103
356479
892351
509689
575137
535103
961283
294629
964373
89413
49223
197083
392543
975701
761251
60889
747587
984617
805537
952883
981517
429917
17939
260999
407633
830497
852143
229849
94253
35837
429137
614177
36269
118787
595253
74219
179089
179897
562021
329551
165673
629687
295727
108007
376511
27103
817777
25229
840197
217411
374641
950239
691897
762211
89261
556067
281563
883423
858317
39089
528527
711929
607471
41879
68219
11927
930199
154933
487051
107843
874459
780347
475789
151523
219187
808853
496303
73061
268189
793399
725999
978427
391009
909091
363149
655883
682819
217681
974431
268267
425363
458063
781967
135469
145451
855391
879133
251971
986633
53887
716117
672223
463781
556181
253763
984323
464119
418471
168013
788231
32503
14159
701179
962671
439729
267097
405073
420317
695111
972319
562901
778769
640457
60623
328753
196561
594449
62483
401917
17041
881663
73133
578819
1321
442601
355031
598099
914657
609859
636473
382643
153457
837931
310711
970777
328061
601201
566201
49459
865069
514739
444341
31333
825389
409379
770041
114691
731183
190409
251159
464999
845303
192553
160967
962051
207257
355427
847037
633623
263513
219613
760169
636277
258491
175897
480329
409391
677081
30817
113989
657299
558307
628423
999371
21937
212383
811553
524119
784307
14461
100733
645629
857873
289309
97381
575941
21179
65203
847109
701711
664687
404969
754979
866471
789731
884537
873989
181787
45293
525001
342821
481807
26801
777817
695309
392741
36767
571331
275027
838157
855887
455579
391057
111323
315559
376837
289343
197521
357653
248867
8419
872387
893701
25867
222073
20021
297439
287327
458929
193201
35401
827987
260941
453329
592939
487283
293257
600983
940649
333647
738151
558491
1447
286483
189701
695309
805807
776887
109379
518933
11587
615313
228479
312413
577531
108827
267271
662843
504001
465151
745187
134609
169583
439303
246913
423389
879271
412537
11519
645097
532009
512671
873979
155081
494843
425533
429661
473311
961661
733919
935303
408533
926377
891923
976439
650927
346699
208609
490019
327983
819739
8513
422797
654011
966011
994199
726169
956107
274121
912053
821479
581857
929333
701783
587387
482717
313969
603391
803057
363589
769081
574939
689951
528167
513269
526037
806857
477497
226409
501001
351551
167159
744071
233417
15739
338183
290201
156007
949687
844639
725537
552179
47407
274661
662567
302171
787067
375563
213523
570463
6037
674677
399079
155219
211789
51329
684527
319757
944257
611603
497557
969041
383179
708091
604559
237929
230339
352601
723353
763031
753367
145601
238081
344681
556741
463343
191459
537343
144481
818621
269377
339173
267413
80233
782497
781999
717139
303341
148079
469099
468581
813107
440959
913739
144481
893863
944519
494561
662719
961003
392221
298213
347801
38557
999553
94789
122327
946961
293803
416071
664633
143333
123007
732169
307079
821053
42571
419791
828397
813529
350719
277637
504893
385331
418813
446827
649361
117437
398771
377717
374681
877837
397517
590593
100357
41641
494381
881833
326159
493817
999907
506941
66179
687017
796063
771359
922039
163019
135697
123229
933739
485101
794923
378151
543223
909401
440507
910883
571847
339707
989467
337633
264601
223999
875659
540119
865231
449381
811747
346369
188317
680399
939487
562129
850133
225601
104911
515369
520813
748513
394367
454967
747977
205391
786589
481813
553099
134951
271919
658111
606049
501463
163741
624191
517571
26021
189701
525593
841307
138143
493313
26627
533747
556679
108109
112741
64279
683693
597127
253937
313987
937823
149563
572179
312737
67589
827843
291647
56681
876301
418763
73679
950617
382663
187171
355099
656701
558197
84947
74521
497537
76873
554237
986929
60443
48623
328007
122363
838483
35537
240589
830449
768461
635287
637519
765181
725519
460157
821651
9689
221831
832973
82351
2083
375901
481021
41513
400927
41947
447211
186299
818287
754931
751411
320303
138829
268997
231431
980911
812467
213751
705713
490459
904769
211543
466267
227377
411809
326189
713287
402071
235447
259387
345461
306041
190843
352973
204107
479903
191141
75253
175453
439541
499493
925891
305449
330097
400607
556723
93089
39667
300757
662401
860569
822631
820187
802733
67157
835817
769019
480569
232079
453421
564371
485347
126097
125621
399059
713411
362161
514831
176611
283813
436819
554843
842477
738847
464131
525719
467197
304153
541631
999931
128221
648953
474809
985529
70123
995327
27751
227611
411823
455201
79691
323441
828101
579829
954871
687641
160663
373861
558469
761597
86861
428977
820241
140617
12281
283267
187409
694999
339943
960983
519931
854599
414031
217421
971653
963653
133571
624233
471139
159191
904399
892079
78707
717463
168887
62401
728381
619657
368149
511891
130073
224047
895823
604651
380059
352867
732799
66569
980471
533573
602983
234931
940573
950473
52291
497351
479387
526391
642973
517207
90469
470501
75133
37799
994163
993541
312887
510619
90289
32467
789749
414871
244733
875297
810571
176549
540703
639253
648107
310433
117353
949957
493583
63199
345731
71293
12569
14593
240829
983519
429007
645973
753583
413867
593473
530869
688777
150989
394019
137393
673291
30431
156781
618823
422789
718717
908627
598439
721663
774229
676469
778559
132439
109139
257783
847453
689261
285457
638201
139033
465887
256517
251437
33749
980801
881939
197567
860921
730811
418381
452857
59419
647693
475777
137869
296117
415381
114889
214943
491219
618119
219223
488711
932333
316919
73699
927317
259993
660503
361211
447859
104147
407977
448733
926567
823261
197299
122387
310363
309479
706141
393541
691241
186149
202933
680507
303767
10831
773909
22003
283369
667417
410063
884491
620689
879691
3917
54287
979037
876329
627481
320791
129037
588361
79621
66067
91163
901309
78857
965603
950401
947327
928679
934229
703691
515737
993011
603521
335429
471187
568679
913037
101399
902507
958043
381347
112843
521137
908183
846877
882779
552491
59113
175543
452633
288851
948443
902471
182509
778357
603769
116689
631013
304813
17359
778663
181967
566971
376351
535811
206273
169661
668539
794923
765889
278363
389141
68917
970027
639911
789611
762227
555029
714881
428843
845459
289577
389149
601379
169937
939971
280037
202817
429917
294799
685723
180179
540803
668033
853543
678721
729571
483061
149551
844069
11317
848579
566077
57041
375703
393257
923851
61657
159097
250799
810923
673201
236749
414487
933817
785569
117851
177533
440039
842399
648731
916561
819493
695263
499141
155627
63391
261229
336887
402487
974923
823903
166669
430753
412133
915917
146563
248371
434689
944369
530129
544889
220447
475957
124447
700877
820927
647399
133697
141793
93419
514433
490241
624163
801709
955541
687073
33343
522283
213919
864079
273881
79873
24169
628127
219091
719947
730487
923227
866213
421483
18461
669377
233879
897601
38113
720241
524243
628591
586087
97303
899153
176641
520853
182489
318457
285823
939971
228733
67961
85831
112097
945409
124739
582083
991999
745993
584603
178207
327127
202183
391613
123449
536561
753587
315181
590141
592429
713381
689807
84247
389981
413233
101863
627041
915683
572491
880091
700561
878551
149729
520363
324469
798131
443249
169249
792647
623531
88079
727703
100501
679607
90203
144889
660769
756541
159673
248609
982337
169019
547681
432317
184607
977413
736433
192193
654767
709823
257539
462421
907561
398227
149521
780917
228611
897163
130409
663031
67751
692399
413911
647909
187861
229247
7019
998311
435037
351797
85639
652319
776563
233509
807571
219953
733963
859189
916837
36313
132607
278489
99109
585517
223849
147703
317831
481619
985277
105983
121727
185149
376963
100511
884743
527159
632497
26597
90401
248231
503879
47431
926437
112121
281663
441193
544927
947171
61297
364979
324319
442283
957871
398171
880331
429329
249433
577151
406507
570881
966307
683567
563219
307691
731683
233297
728551
148627
353777
838351
376603
746743
480101
758633
295081
303871
865069
748183
470131
810587
386143
950071
312311
993367
726457
17851
746939
570491
431947
967693
169531
181003
951053
8219
857977
35059
514187
692929
163673
523603
300667
51157
467237
767509
197551
639311
736987
399983
530567
447611
470039
889313
505877
865877
783337
516653
233143
29131
868229
585551
14401
539389
358907
26833
907969
691787
669947
410929
938453
930911
86389
27409
39541
885869
368743
212243
861613
214603
657911
877199
388273
996967
105733
590377
713873
61441
669637
932563
543659
99391
140731
468107
799993
758767
414053
263063
84503
791447
570161
985279
734941
255971
117563
852833
924031
715087
852323
301219
451747
6269
39239
10631
75833
768461
23311
649643
748633
363491
799219
456923
853283
364303
969743
230357
588463
330623
727933
158759
176641
25243
729059
994907
508867
113051
263561
52121
549259
33581
754513
464549
429823
354833
630689
448873
511057
519427
342257
677681
516721
129631
362081
228451
223577
334349
110933
785123
130873
515507
58411
85991
444767
857653
418273
804329
963719
786173
595519
55399
843889
168863
497813
736871
4583
17789
164617
934481
431269
659597
611393
933797
757363
75913
598799
610919
898223
987941
583991
574363
768503
555953
578297
925087
122597
318229
34591
473951
261643
515173
776719
814097
816689
538711
487303
552379
14633
251677
286421
7789
651667
46183
741569
432373
838927
138563
889597
642907
468133
50051
566323
533993
787217
141413
628447
426859
473471
327581
795097
647327
89017
294809
572479
214033
58453
871883
429971
215353
77263
323549
858223
791003
358273
552971
1499
148063
346117
727667
723997
398087
898259
101341
589471
858899
914971
500839
127399
435541
57191
587891
555823
381737
320081
759173
29287
260999
627901
658303
24247
334889
236723
889639
197683
955901
406501
829693
128033
516421
994339
593111
33053
909787
625589
49031
92111
258449
761023
376709
465079
17351
413911
487601
133597
718807
906313
143467
528971
538579
120833
441499
736679
678493
933241
8581
593689
439367
47441
348323
179203
707299
170351
1453
955147
662743
920791
125101
636407
379133
892783
317491
452191
906461
519151
640993
967919
107119
777589
622091
876823
593183
116131
265711
968041
282377
244451
620999
263911
71411
593863
189593
904667
728627
91943
935447
859799
365587
519863
174491
779249
368653
619711
169777
892169
503123
981493
357559
782963
551963
712807
923341
759359
506563
823309
346303
251353
335579
398063
968321
26861
483767
161303
275593
236287
362969
32141
441421
81349
626621
506047
683933
349483
3373
424997
380441
978007
310823
836713
171583
942163
39659
405997
495041
514967
18869
7069
581921
400243
653473
167627
620363
112951
148531
85781
751351
379157
272287
903781
885133
490493
427103
657499
34031
363871
273457
406447
303493
664619
612401
833557
151609
361241
224267
566987
630863
233911
16619
418601
553733
717449
982693
176497
231967
466339
505469
754093
389027
296797
196681
304663
759467
31981
964889
979379
616079
146213
328271
380641
928561
291481
324199
460973
162059
171023
972161
220307
723181
33533
601313
838613
337189
230827
486601
521401
440681
138517
509833
657451
910807
714029
37897
940087
748487
685169
402383
719639
244313
806381
257987
272411
575429
308507
390959
603613
868453
37591
913853
66553
587659
249257
578689
919979
848779
431257
43067
939229
87869
374093
2897
599561
791447
188933
744649
56369
595453
47797
410489
23603
663683
61861
496711
274853
641387
905999
679741
3719
671557
874303
150587
965801
229897
740423
394967
505157
136351
985213
235621
409753
823621
75629
651793
237287
194167
395959
102497
224891
228353
219223
68963
625627
241771
339761
138577
868277
628937
225583
508009
649123
457279
623003
727487
825821
474319
802759
144383
536149
846529
776977
724259
811607
549097
565319
764021
489263
78839
193357
792479
363437
606673
197891
794887
448627
993269
181031
492659
604057
82387
743779
409733
255329
20089
887921
419597
864407
346627
643031
381629
438601
538651
762563
165523
878929
801061
731191
505469
370057
707563
121697
826403
672079
600283
358847
888457
847097
882653
484369
244633
507797
487489
645839
88513
717967
450169
12071
16979
279127
31231
477013
873113
98533
805267
904789
421639
927833
501659
948091
480451
567751
581143
250813
136693
722783
192539
984707
485701
33329
837533
72467
420757
607049
116351
961981
766127
456979
130621
145069
997097
743027
438671
432203
722749
882967
315481
61547
503303
712493
341951
63031
664117
708041
54419
948947
505949
504967
787639
234959
523987
894097
138319
713941
792983
722389
253867
855461
679919
611999
620623
428299
159199
151651
815533
304163
144073
859823
993821
720127
635207
636059
795791
132989
83093
633427
455537
161017
145531
130369
625369
789577
151687
285139
91121
709703
93523
860609
536749
281747
317089
868771
291349
857653
253507
578041
718331
981797
581701
451961
996211
944777
739523
2833
31249
331451
248779
713941
324589
508531
253493
948551
508159
506911
13159
593261
916213
443837
763523
247001
33403
583417
483139
340583
182627
320107
27799
632251
72383
647503
828823
315083
900037
983431
450913
772139
155003
204371
804341
15493
296909
165049
643439
389629
204923
775729
892189
448667
39317
221813
182587
615413
765199
168151
906839
497521
254519
130121
544631
452131
166169
178601
122497
56393
524701
963223
920509
438001
770123
456683
448013
46877
759397
840067
250643
29759
36137
45541
548543
568699
21871
398033
266417
35617
764627
196727
126989
87473
417947
323333
485131
431237
31729
427967
99149
710917
954517
370603
922973
342871
26953
443867
31177
745517
117763
606649
776467
691051
727891
682361
226649
470959
843091
543427
564133
294829
540871
366029
312857
117133
616933
231839
106949
717539
262313
21143
608117
739241
824977
385991
738457
963223
62827
305483
667687
342073
225067
334973
780457
190591
262433
773491
563047
666773
21023
344293
537347
464897
537127
190367
554887
419537
124001
665659
248041
475037
569137
543353
635867
733883
105517
958121
694381
666733
960173
911233
658057
809437
162553
984199
231841
63337
336793
929813
693871
561461
23623
73091
262321
321053
653789
24547
379997
457547
951407
71887
942569
45403
417577
346259
165211
983267
715423
463483
522229
59197
693323
978917
198491
160813
955793
562579
776179
503611
258421
340057
937747
518989
770897
483247
522853
806579
72679
556981
290161
132679
885163
603817
873049
831643
3329
71933
600401
522439
391247
924769
489631
438467
122399
209063
272809
478399
212117
304021
276781
475289
295591
458719
221537
39857
669733
646993
686611
560893
268403
105227
727877
913723
766169
420353
384589
375281
919351
100747
264527
403301
840817
515917
911303
269063
616277
639143
999491
114407
35111
194069
118387
265619
185221
800159
197381
718657
674123
306049
505187
43607
128393
318883
375559
299471
550733
612737
92761
786613
47609
21841
49261
107279
55529
53269
248179
632503
104651
814823
895709
142979
908221
574307
572599
394187
179281
439199
557489
799219
664511
430303
479081
130399
174943
773473
706751
177109
319001
257053
872999
51157
995303
325631
599629
662111
387659
900761
334603
446909
128969
580213
699931
263239
736381
72817
556601
569747
364337
40751
951091
777151
825247
696149
183247
176503
184627
338773
976991
231901
915631
87649
454213
299471
441121
89021
243527
294043
927049
982231
22679
82217
198593
936619
34949
306463
157243
77801
712357
690233
274661
735169
892421
900283
223963
824489
84761
572821
331921
602839
942037
585841
185593
985867
349397
280183
352181
209327
607253
605147
598151
846589
803921
546841
825821
274951
756281
70529
383527
826681
331549
243401
783227
252013
412619
688889
38903
72623
564701
738877
630589
51413
307243
617479
598219
997463
28229
192979
122201
62047
330247
695441
246793
259219
71867
553699
273271
309437
473279
147211
895529
651239
955879
13007
510241
281539
22651
967831
137383
23011
45893
162881
895729
138101
449243
885497
100069
789883
244687
864091
104309
838429
808981
166949
60317
770261
59239
962537
211271
182353
37781
735421
720439
273569
134161
362081
320141
87623
563447
464983
947651
554843
856181
730589
968113
324773
227473
492253
654149
843377
306263
47459
908909
672883
970987
43933
844457
630613
494959
195043
548461
830591
553543
514081
873427
459223
968963
999979
862061
663997
72937
971683
616841
604867
883733
806153
556627
889727
660277
298513
214297
56663
246931
806657
189743
467543
720127
179689
306169
485209
638201
440903
730853
627637
806137
388691
704551
268529
58057
588953
799481
965357
848359
888659
375203
898213
52813
861907
626189
892189
218143
27751
858623
638663
553279
857809
709417
338369
639853
390151
350587
214051
145933
538309
770519
499591
172717
774511
941471
795643
882719
762901
928883
921241
503483
937009
197683
513397
337397
409609
482861
185707
863783
69467
898439
113383
924241
366161
824671
368539
66629
352489
263953
300191
92369
543853
402739
870431
654593
335633
130987
252323
715889
173429
691109
168247
51059
906713
813997
851401
419609
762547
179849
959143
549391
360317
994393
833299
821467
192091
381991
299941
404197
455849
556331
588877
424019
168391
728701
30643
546067
135403
646721
554791
994453
338407
989959
38053
921703
309313
105143
868081
50923
953297
10753
576461
364393
392549
771637
650863
803849
87751
415189
203549
532537
236407
453799
290083
56599
782219
545239
741409
954067
718043
71233
234341
23593
162529
278917
949409
446473
94439
678421
181211
793229
574363
223103
274777
343313
307759
165707
155833
760511
579451
141619
463679
628939
139991
794203
390893
529489
305219
509723
540437
5119
804043
399601
381383
689279
795601
13883
761567
280499
786803
748933
922517
260213
585119
391301
15131
950557
926099
177467
159697
46049
519067
555439
864439
63127
71453
228139
97379
128761
683701
497449
976489
618587
390883
362099
775007
683401
825491
249811
903691
727157
972353
385897
413849
214021
187379
770179
423887
168037
174143
12281
597521
207293
877949
565109
498467
151799
510331
998497
541837
54709
411617
173039
598099
45953
460247
317411
125311
207947
922601
926153
675449
840083
153701
780833
615869
869819
702323
669839
851297
267097
899881
2749
93889
418087
99023
82171
706897
686269
499483
318281
616639
750083
769547
799991
141397
244747
195913
139547
479813
101081
485263
333857
138967
674867
478417
91159
57529
40699
845231
339839
958739
752107
643199
233921
817787
884201
880097
788891
137507
49157
885727
6203
159871
224909
1223
936647
573379
839131
979471
613451
315527
343901
288989
720193
333299
405577
768613
36451
151553
4007
377291
829657
856241
850951
502441
517571
637883
453379
349787
91711
703537
623669
925081
305329
807337
712109
643303
408491
46499
171233
679897
738707
27179
428539
102547
88811
806789
39983
695939
484339
695389
512899
649877
180907
495361
269257
362707
945089
481667
364993
971077
78041
419953
617809
9619
539843
504937
340979
168631
718463
356563
556849
687073
821099
557759
991313
218513
206623
704857
172607
176507
110609
117241
645751
902053
262411
965507
249881
685297
20947
20233
678101
455003
776977
885083
434947
380363
185959
652241
572233
221987
499879
966211
864541
722581
22343
99559
886993
928699
547681
309313
585883
721843
704593
539401
368171
818659
949733
70223
507119
966233
170953
7529
898327
812137
856711
166861
252731
470651
679169
251543
339761
174197
642049
342659
423257
958543
817013
399979
727577
768263
18899
753091
134857
597353
4691
939737
423751
232963
424909
842819
6317
570677
216263
327247
178301
728209
468709
642071
300431
567319
253567
166487
28001
310043
564353
85991
583189
102953
462677
410497
460979
792593
740801
193877
152267
930931
13879
454033
810493
98389
901489
103069
839837
700523
9613
374041
301079
284833
891817
617453
903883
52069
395959
497977
346669
993283
674699
53693
738499
548893
9631
398249
551363
892091
161339
751367
177763
503821
81931
342989
359783
502669
127529
488503
323027
568441
199457
279659
30139
30757
833857
991663
253679
858311
716591
475621
399937
240551
109387
418381
807809
815063
664253
150379
713107
528719
63611
874637
661879
720241
471853
625133
120551
377681
149053
509393
214723
957139
94951
274871
506537
26003
112603
553471
524893
172097
668203
238709
721379
295049
665221
61819
140411
472457
579587
57413
419927
32359
745477
714911
728477
142949
495827
92317
792907
314243
784103
827293
98563
273473
892433
209029
68821
157393
4217
628819
669377
337349
449459
785143
37517
366031
40597
800801
747521
204781
351361
26387
48809
568657
636563
429083
56773
953521
371573
971027
364213
52721
381859
567389
894287
927821
523021
889391
686969
434111
764171
705899
134947
837059
820837
571759
527123
176333
203767
951061
159697
369283
456607
294997
577063
493013
489677
805267
969461
290671
920947
391403
839921
39719
443161
469369
89387
777661
638971
229373
376679
228581
588239
281609
938437
261407
63659
321077
373717
349919
944233
121531
117703
687499
773659
120917
909901
442919
163883
627293
24847
946727
825347
960199
636631
797207
36599
458701
483727
189347
113359
50833
117499
62701
952681
505429
735109
946997
383821
903223
826783
346043
402139
101561
67289
441829
784573
176053
651689
893657
72103
11497
613759
524113
40853
143567
694597
253369
234571
122653
294731
88793
715087
22877
828059
552821
92821
474959
980393
143729
539621
31139
586319
42491
992983
878953
15329
200909
379909
618913
19793
893359
92489
479299
794669
202289
246011
82601
534307
481531
955243
867371
597131
550843
47287
7537
751997
187073
433883
703039
728527
624683
668051
784387
777143
969767
137387
480499
729497
701593
340283
487391
38833
79159
367243
950483
341879
89113
385631
281581
636073
972313
709337
59051
97919
172427
586139
11027
28393
649567
411469
812081
356039
131059
792689
674501
819781
834773
641419
30391
151273
546509
738083
474619
670279
781307
648953
18671
31189
275251
408011
115099
168869
507961
463231
212423
595717
46681
828383
93937
223051
335999
846689
629029
659353
923543
327343
758491
746353
208223
114613
987697
798071
482393
634397
264631
25373
14107
85903
715189
93281
414209
744637
239137
539159
264139
967567
706631
348643
135829
699947
653743
754751
648433
889489
351437
114973
929009
519287
81647
390199
405157
821263
122653
246689
572879
833873
211241
809917
108007
186481
812857
310511
577427
815491
928561
305743
209707
480043
669677
761633
90911
15647
565571
202393
554677
289127
700937
804541
95003
137999
992359
568033
685099
919691
844289
884369
737413
108893
269057
979519
793979
696079
62927
596693
715639
674123
905599
27847
497141
575611
772459
266089
232051
412793
879629
466537
122209
676903
554383
920761
71161
411041
534617
570499
108761
188827
44797
660241
348827
895231
507673
454009
152563
463963
51031
195197
845491
376471
795947
965969
237067
521153
511627
61723
302513
30307
768623
317159
284369
687019
770537
140839
741691
779593
44017
467549
199961
538579
996529
5573
890063
339839
603091
534371
868817
168227
104659
19009
9791
120763
130057
86467
24851
193937
462263
77339
31751
395509
491501
601021
106591
316073
285781
486053
685907
808459
338197
599147
728941
206203
358867
641101
805121
386173
616073
631361
169249
820763
775451
914713
683201
259379
27883
937877
488347
527251
967049
795467
447827
288697
145043
327553
888263
68329
510617
658753
694873
806051
358201
865807
11731
451933
841097
7717
669301
286477
170633
924383
793487
504073
384403
9769
635483
661267
486511
119569
822973
798221
70439
823877
21269
952507
979543
565559
86783
14821
744253
48341
2617
248461
38737
671269
52127
236813
347539
738839
614101
702743
390953
176081
176899
28649
510569
756527
452797
307163
880249
346699
253639
203921
786311
135349
55487
172283
427733
271451
994307
132623
48481
492551
2803
774601
410257
84457
110899
201119
939203
804473
665713
460721
926077
124121
350971
755567
398129
947627
558029
929057
279679
855601
799441
192461
238853
946111
211571
751207
150377
714739
638993
529709
883973
975421
486329
585341
389923
596599
573679
168851
200029
509281
389167
966893
668617
575441
298187
30313
946961
40289
274667
329657
866683
655013
392279
585071
520111
941429
750173
346763
796189
420361
761633
239171
855499
400823
734717
81769
564133
418871
819253
84533
40483
672019
191657
848417
579983
43961
579379
700897
76387
637003
669989
761249
64567
136963
948439
392239
605809
617723
165317
443041
732097
47939
859093
87427
140449
655261
346877
501157
623671
392263
26683
262877
266719
403817
976477
481843
721733
438287
948457
272231
782711
930889
269429
63211
902351
421123
561787
457367
632323
771047
631931
876131
20731
720283
107941
985993
51229
915437
161039
386429
766237
601813
7489
903541
190031
281291
218479
20773
322169
828637
59473
705763
223133
9791
887987
860579
938677
845849
491497
780721
308887
691919
981241
481837
424997
316703
783193
595093
837721
125899
462947
342073
672779
820247
21347
91943
156833
396217
800557
404981
416333
60427
161363
633497
65183
712651
801293
966661
179953
982087
810659
474343
909113
331819
446009
742153
392489
444953
694409
543113
862501
104009
861167
990037
835139
679361
859259
868663
383143
750151
193619
311791
352493
373187
246787
236519
628973
432007
765293
288527
433267
182417
337039
390961
816443
735193
941509
676427
569111
94273
107077
133541
797063
768727
964333
304739
312643
494191
941131
46471
530507
539761
670487
753983
644201
705829
452537
492299
138289
253993
502237
676037
292709
760511
260081
349211
768319
658649
768199
878869
571657
319061
566653
406361
28571
652543
697579
185123
121889
432527
990893
148171
360271
729059
200183
959131
703657
863537
457307
213029
247759
759617
432001
565597
581071
293441
53101
113083
554087
442879
363911
377327
314263
96821
951427
465611
256561
676057
955991
564871
227603
671477
110237
501257
906949
363179
793327
774901
354337
546587
125339
288907
66629
978917
566387
801127
351361
13879
557483
34607
935507
406873
840341
877117
115223
45191
58313
406339
149563
781243
269221
652699
29629
302857
53831
536281
354209
340777
936401
859273
936667
838813
501217
736937
698287
577067
571267
857347
204487
702323
155423
491639
207521
378779
43649
347509
664973
553067
622621
920467
631291
102259
915881
460981
144103
280339
655219
334751
573871
190711
122279
549229
507719
133253
348209
77153
710383
500729
590267
576193
9551
555073
729019
159683
426871
242447
782141
485201
72421
124349
166931
502553
799979
575503
47143
973187
598303
349931
578857
81883
439421
211493
216653
178987
342833
613967
382429
195677
339433
445477
180247
721387
974489
331739
834137
497689
259229
284593
214507
826391
526499
923141
169259
125003
134839
332993
128659
784351
460301
743173
936557
842977
37517
267341
217409
527251
49411
923579
995339
184259
92009
889891
825971
551981
562949
338791
548629
35923
656701
430981
63647
55411
997811
575009
565517
521693
892757
321329
810377
348487
876851
243301
88471
535783
634103
841921
831217
105953
32611
341749
919189
146681
380621
723791
446759
153359
461971
991951
825749
141667
794041
231661
772273
930719
890111
835441
973789
124153
511541
13477
815257
248177
766957
666139
351563
21227
160313
446273
22003
40529
713737
346429
594959
736471
811157
50543
786433
372263
792871
2657
469303
315127
313163
813023
748361
996209
964939
298201
149077
469691
71143
988067
47441
995747
403499
838093
885061
254207
766651
435893
797039
898283
151871
167663
483829
717979
845927
879371
723587
610681
196187
425333
311173
783023
269219
734887
328621
856897
547901
729403
3989
306239
863689
360803
312047
109567
286049
759833
738443
592589
37357
858943
636947
632843
735919
564097
881411
236707
479753
795947
154127
892249
580759
691001
481589
416677
84649
835841
867701
143653
887839
523927
455219
232709
830017
697967
307187
495289
56767
166189
126349
837271
988651
281117
151423
823201
704863
485437
688871
402379
369637
464291
248737
64327
147551
957331
124303
107881
662323
908041
4787
496079
293071
32099
990917
420073
499039
747557
68819
228799
679753
806371
344857
301877
418867
60107
6577
965087
721177
315881
499159
28307
577097
120997
947377
99289
467827
896447
194683
745397
319927
663601
883763
960833
338579
223283
3121
818123
816857
64969
256033
814381
639701
365411
337541
999961
93763
12433
531203
607081
876479
232741
825883
500579
785333
788309
702721
143569
817403
802831
414083
664847
236479
357293
293147
811819
132887
510683
969181
498791
348253
117989
888077
791029
40829
857273
955481
451337
782231
809147
340061
262147
408427
753751
878513
988313
262553
40037
242147
514399
651811
395971
723221
533993
26183
37511
605509
792689
775309
668009
396623
115831
64063
998917
283817
503599
593213
391801
507803
895591
976253
605707
16633
488893
35951
616219
854387
127363
698507
70241
851821
395273
257339
443161
712939
984853
450997
865859
73121
578971
637717
255503
956801
813511
521051
658477
400391
606341
946111
573739
372059
994369
323957
89119
983317
972967
421801
599491
473761
77213
434107
917041
485063
812963
260003
915703
251087
986257
206369
92951
424693
923773
507589
461677
584359
774757
327163
992917
940553
15149
870929
382171
31957
860113
370061
755401
330409
12269
541901
790967
776137
1993
29033
455167
765971
652651
18503
619669
615731
744397
919903
681971
304349
990593
50291
583519
567943
660719
64301
935591
518611
140627
310229
985499
482231
399079
138401
385709
982603
6571
171823
195761
785101
894203
253159
833171
631061
751319
785773
639167
971723
129193
225689
705209
535159
904627
294793
448633
602093
132631
789959
868939
746167
562577
839029
547493
5623
50263
192133
678217
115679
745631
938803
523031
915143
931013
790703
828953
1399
309131
936953
171697
337859
510589
17047
640771
619309
310577
325537
643723
573289
540619
676259
755561
627919
208291
949649
933199
525029
680453
18541
978269
794743
321073
148891
749923
846427
327797
653761
939061
475427
755861
186647
898067
184199
874763
143813
11399
958787
293483
363941
561019
635969
239689
867173
625909
167047
544277
486949
839051
989803
555419
345181
463433
879961
933421
329473
805463
110233
259639
398267
403757
667421
175963
546361
909217
217727
125053
999983
829819
806033
754057
809203
554527
14747
303377
716563
430057
27539
836377
120163
479561
797897
91529
507139
910307
491297
528433
2971
22109
668111
666031
977107
538721
130349
474289
120899
120383
136481
74471
6163
717659
57847
58393
837283
716087
167801
939247
313879
55051
4157
182981
118411
364523
648971
355109
776173
669607
681067
119503
942043
207497
328721
249859
18803
936113
859259
241313
566077
673399
229637
330943
255179
199967
911147
267187
948887
469823
259229
949513
898813
417881
280963
479027
627217
107999
19489
203761
495749
958141
526957
342373
618593
205111
245849
155699
323549
29567
316567
152197
565889
929281
569861
397037
208367
36563
227707
371179
632257
130589
820909
112691
786179
884593
731057
493931
581047
915353
824699
537781
380383
726463
14489
633461
487397
619057
712507
247711
1171
627377
718513
242069
579409
485587
800663
916679
338659
998381
710779
913981
415963
4787
437033
134291
579409
360293
720571
869059
663821
311803
880001
34457
235871
851471
122147
24851
110269
45427
889963
361541
825889
998947
391751
137279
149909
308999
597559
185401
935339
497177
544477
960737
440087
207541
411143
930287
978797
342821
346849
582469
764149
60497
158749
32323
211559
688159
175277
160603
376969
949513
236681
368447
74509
688411
165443
26267
301177
312857
189253
331943
809603
689803
529313
924419
754289
612611
180883
429181
962431
256643
755033
990523
880343
364267
198937
597403
240479
480167
151603
791473
615187
403687
25153
20521
93427
776801
468151
830363
566677
855427
617699
877313
446657
216973
823169
162293
90947
466751
648199
420769
826967
731587
98711
399283
851731
578477
214603
130223
84191
350293
720373
999101
579433
802027
94561
442789
742327
146449
4919
795203
422927
825047
